world: arcade
x: -108.75636114300039
y: 68.0
z: 18.0624673891214
yaw: 267.45114
pitch: -0.4500396
name: arcade
