world: arenapvp
x: 996.5086624039271
y: 9.0
z: -1259.5398505259905
yaw: 1.2036133
pitch: -1.9500221
name: arenapvp
