world: arcade
x: -106.43517910524918
y: 71.0
z: 77.3621972575232
yaw: 357.15115
pitch: 47.549976
name: arenapvpexit
