world: buildworld
x: 0.6315903023915279
y: 101.0
z: 0.449978795086162
yaw: 0.89058995
pitch: 17.862654
name: buildworld
lastowner: 391762eb-24f6-4d95-84d6-bfac682d575a
