world: arcade
x: -49.5
y: 71.0
z: 17.5
yaw: 270.75073
pitch: 7.200025
name: buildworldexit
