world: greenfield
x: -186.36952009381096
y: 69.0
z: 744.5563201634116
yaw: -359.91614
pitch: -13.569819
name: carnival
