world: greenfield
x: -186.5
y: 69.0
z: 550.5
yaw: -359.92407
pitch: -1.1015565
name: carnival
