world: arcade
x: -97.56235059573171
y: 71.0
z: -40.59139532177778
yaw: 181.50098
pitch: 3.5999959
name: chessexit
