world: chess
x: 1116.4376088454894
y: 4.0
z: 927.4217445150746
yaw: 1.2036133
pitch: -5.9694053E-6
name: chess
