world: greenfield
x: 64.45659471454208
y: 69.0
z: -169.54046311346133
yaw: -89.86243
pitch: -0.42056876
name: chinatown
