world: greenfield
x: -221.4425681913478
y: 69.0
z: -5.371199407802041
yaw: 359.90308
pitch: 0.47990265
name: club
