world: greenfield
x: 583.4333422989522
y: 69.0
z: -535.9374366540663
yaw: -91.56861
pitch: -6.4980726
name: construction
