world: greenfield
x: -547.4371376908905
y: 69.0
z: 601.4176184909862
yaw: -95.36579
pitch: -1.9398048
name: cruiseship
