world: greenfield
x: -456.4329328749785
y: 80.0
z: 754.4021593275485
yaw: -179.8584
pitch: -10.74084
name: cruiseship
