world: deathrun
x: -759.5403603644316
y: 10.0
z: 1718.4839100735676
yaw: 270.30084
pitch: 0.59994686
name: deathrun
