world: arcade
x: -100.47955661482601
y: 71.0
z: -40.52500422380607
yaw: 181.35162
pitch: 3.1499465
name: deathrunexit
