world: greenfield
x: -43.445056558945346
y: 66.0
z: 624.447407266984
yaw: -180.17017
pitch: 1.4653473
name: docks
