world: greenfield
x: 695.4834904634997
y: 66.0
z: -59.51789488208124
yaw: -269.90555
pitch: -6.078364
name: docks
