world: greenfield
x: 345.5932929595261
y: 70.0
z: 1081.594686267112
yaw: -358.03812
pitch: 8.485219
name: firehall
