world: arcade
x: -49.3661655292732
y: 71.0
z: 17.86179038394189
yaw: 269.8505
pitch: -9.299956
name: fortressofsolitudeexit
