world: arcade
x: 25.522751243644013
y: 102.0
z: -6.476843010451089
yaw: 269.85254
pitch: 2.0999334
name: gothamexit
