world: arenapvp
x: 1029.4930957223867
y: 7.0
z: -1259.4290696994176
yaw: 271.19714
pitch: 1.0500104
name: gravitypvpteamchoose
