world: arenapvp
x: 1123.4418221892633
y: 13.0
z: -1231.6580472744092
yaw: 133.797
pitch: 16.350014
name: gravitypvpspec
