world: arenapvp
x: 1057.5410024565838
y: 4.0
z: -1259.5905734252665
yaw: 270.74704
pitch: -4.649999
name: gravitypvpblue
