world: arenapvp
x: 1095.6531536896282
y: 4.0
z: -1297.6473392757312
yaw: 1.3471069
pitch: -2.8500016
name: gravitypvpyellow
