world: arenapvp
x: 1133.2363031522243
y: 4.0
z: -1259.5024248610314
yaw: 89.24704
pitch: -4.650008
name: gravitypvpred
