world: arenapvp
x: 1095.472235640884
y: 4.0
z: -1221.789436106979
yaw: 181.04704
pitch: -2.100012
name: gravitypvpgreen
