world: arcade
x: -49.49500568257645
y: 71.0
z: 17.816519191960335
yaw: 270.6003
pitch: -5.099962
name: hallofjusticeexit
