world: arenapvp
x: 958.5375157990707
y: 4.0
z: -1358.542203499062
yaw: 271.19662
pitch: -4.200009
name: hellfirepvpyellow
