world: arenapvp
x: 1034.6000610389667
y: 4.0
z: -1358.4003848062187
yaw: 89.84667
pitch: 1.8000036
name: hellfirepvpgreen
