world: arenapvp
x: 996.4702561779853
y: 4.0
z: -1396.54663292395
yaw: -0.60326946
pitch: -1.9500095
name: hellfirepvpred
