world: arenapvp
x: 1024.5413337512282
y: 13.0
z: -1386.502182970784
yaw: 44.096497
pitch: 1.7999679
name: hellfirepvpspec
