world: arenapvp
x: 996.462084299487
y: 4.0
z: -1320.513639331696
yaw: 180.74666
pitch: -2.9998205
name: hellfirepvpblue
