world: arenapvp
x: 996.4686612013659
y: 7.0
z: -1292.505593271148
yaw: -179.70317
pitch: -3.1500165
name: hellfirepvpteamchoose
