world: arcade
x: -49.51656551754275
y: 71.0
z: 17.944956206419107
yaw: 268.6505
pitch: -0.14996368
name: hogwartsexit
