world: greenfield
x: 278.538717889277
y: 70.0
z: 1055.6877864213886
yaw: 166.78397
pitch: -1.8873534
name: hospital
