world: arcade
x: -168.489870192714
y: 71.0
z: 23.523691498341268
yaw: 80.701164
pitch: 10.049962
name: hurdlesexit
