world: hurdles
x: -425.44129698609254
y: 4.0
z: -66.4000108600511
yaw: 0.89697266
pitch: 11.850007
name: hurdles
