world: arcade
x: 12.511680145175005
y: 103.0
z: 9.43592171149988
yaw: 20.699972
pitch: 4.2000012
name: InfinityTrialsexit
