world: InfinityTrials
x: 2100.427918651072
y: 4.0
z: -1026.5593689437587
yaw: 359.042
pitch: 2.549984
name: infinitytrials
