world: arcade
x: -114.46509088273942
y: 71.0
z: -40.45754824450705
yaw: 178.20044
pitch: 7.05003
name: infiniteparkourexit
