world: tutorial
x: 176.6462498387747
y: 108.0
z: -7.590966704052923
yaw: 92.631516
pitch: -1.6500078
name: intro1
