world: tutorial
x: -33.58326630838587
y: 108.0
z: -7.426731496878403
yaw: 87.830376
pitch: -5.55001
name: intro4
