world: tutorial
x: 118.88968111573122
y: 108.0
z: -7.637487414098767
yaw: 91.4314
pitch: 2.9337407E-5
name: intro2
