world: tutorial
x: 278.70386580538315
y: 108.0
z: -8.591793892984176
yaw: 90.380356
pitch: 0.30000278
name: intro
