world: tutorial
x: -5.3863598154369186
y: 108.0
z: -8.321634128967766
yaw: 89.48049
pitch: -2.4000325
name: intro3
