world: lavahop
x: 300.0156453838709
y: 5.0
z: 177.0083819235445
yaw: 89.40088
pitch: 1.9500463
name: lavahop
