world: arcade
x: -106.51459138869103
y: 71.0
z: -40.66605547269713
yaw: 182.2514
pitch: 4.799937
name: lavahopexit
