world: arcade
x: -49.867613147396256
y: 71.0
z: 17.903886041945356
yaw: 269.2511
pitch: -5.7000546
name: mainmenuexit
