world: mainmenu
x: 0.47289379276336596
y: 100.0
z: 0.5368097288477234
yaw: -180.42755
pitch: 3.0370328
name: mainmenu
lastowner: 391762eb-24f6-4d95-84d6-bfac682d575a
