world: InfinityTrials
x: 1778.6322337517777
y: 4.0
z: -795.498809160678
yaw: 269.5874
pitch: 2.1000028
name: mindstonetrial
