world: arcade
x: 25.5
y: 102.0
z: -6.5
yaw: 269.85254
pitch: 2.0999334
name: nycexit
