world: greenfield
x: 511.53646837958246
y: 69.0
z: -681.643880452025
yaw: -199.2262
pitch: 0.7319866
name: plaza
