world: greenfield
x: 532.9177985500745
y: 67.0
z: -734.5990334017628
yaw: 239.72803
pitch: 8.904414
name: plaza
