world: greenfield
x: 390.5047697685593
y: 71.0
z: 1121.5298389955383
yaw: -91.86392
pitch: 1.8320829
name: police
