world: InfinityTrials
x: 1432.506975676346
y: 11.0
z: -964.4999263647212
yaw: -90.06504
pitch: 0.30005133
name: powerarena
