world: InfinityTrials
x: 1428.300000011921
y: 5.0
z: -964.5120495888336
yaw: 270.52893
pitch: 4.4999294
name: powerarena2
