world: InfinityTrials
x: 1496.699999988079
y: 5.0
z: -964.4797654669247
yaw: 88.43164
pitch: 1.6499782
name: powerarena1
