world: QuestForDestiny
x: 1684.5197803953847
y: 17.0
z: -602.4543684937543
yaw: -90.150085
pitch: 2.400007
name: qfd
