world: arcade
x: -50.329041226036026
y: 71.0
z: 26.433336719144837
yaw: 272.55103
pitch: 4.949997
name: QuestForDestinyexit
