world: tutorial
x: -153.3512965997675
y: 107.0
z: 31.25952524093037
yaw: 89.932686
pitch: 3.9000084
name: r1q1
