world: tutorial
x: -152.4288506580718
y: 107.0
z: -6.516853336134854
yaw: 90.23276
pitch: 2.3999994
name: r1q2
