world: tutorial
x: -151.30000001192093
y: 107.0
z: -39.475480136874765
yaw: 89.03275
pitch: 3.6000116
name: r1q3
