world: tutorial
x: -174.57435517477623
y: 107.0
z: 31.25931860280148
yaw: 89.48425
pitch: 0.29998147
name: r2q1
