world: tutorial
x: -174.3367112436099
y: 107.0
z: -6.485672072981697
yaw: 90.98421
pitch: 2.4000099
name: r2q2
