world: tutorial
x: -173.30000001192093
y: 107.0
z: -39.58874969595385
yaw: 90.9842
pitch: 2.550003
name: r2q3
