world: tutorial
x: -204.30000001192093
y: 107.0
z: 31.557597084289707
yaw: 90.08435
pitch: 3.299978
name: r3q1
