world: tutorial
x: -204.30000001192093
y: 107.0
z: -6.49599764061192
yaw: 88.88435
pitch: 2.0999866
name: r3q2
