world: tutorial
x: -203.30000001192093
y: 107.0
z: -39.578791872950966
yaw: 90.98437
pitch: 1.9500018
name: r3q3
