world: tutorial
x: -231.30000001192093
y: 107.0
z: 31.498456504301608
yaw: 89.18433
pitch: 10.049985
name: r4q1
