world: tutorial
x: -231.30000001192093
y: 107.0
z: -6.4526900562922975
yaw: 90.23438
pitch: 4.349983
name: r4q2
