world: tutorial
x: -230.54643226879523
y: 107.0
z: -39.56687200683054
yaw: 89.33429
pitch: 1.3499929
name: r4q3
