world: tutorial
x: -255.30000001192093
y: 107.0
z: 31.524401807225914
yaw: 90.08429
pitch: 11.849989
name: r5q1
