world: tutorial
x: -255.30000001192093
y: 107.0
z: -6.546085855801091
yaw: 90.38431
pitch: 3.4499993
name: r5q2
