world: tutorial
x: -254.48206495965104
y: 107.0
z: -39.539382023129846
yaw: 90.68426
pitch: 2.2500136
name: r5q3
