world: InfinityTrials
x: 1846.5843398002185
y: 4.0
z: -1039.3816261425445
yaw: -180.49823
pitch: 2.2500687
name: realitystonetrial
