world: greenfield
x: 1447.422076887623
y: 69.0
z: 134.54627740013612
yaw: -275.56915
pitch: -3.0923245
name: residential
