world: buildworld
x: -447.44472301498195
y: 32.0
z: -1.4692979789067313
yaw: -178.4202
pitch: 1.0500047
name: sakaar
