world: sakaar
x: 578.5
y: 21.0
z: 1280.5
yaw: -1.4116963
pitch: -3.4500015
name: sakaar
