world: greenfield
x: 418.5684867959173
y: 69.0
z: -596.5061249963474
yaw: -89.01119
pitch: -1.4158926
name: shopping
