world: greenfield
x: 419.44585595801277
y: 75.0
z: -588.4318355505997
yaw: -81.200745
pitch: -26.82406
name: shopping
