world: InfinityTrials
x: 1705.3467488443753
y: 126.0
z: -979.4884241831581
yaw: 3.6854248
pitch: -0.30002445
name: soulstonetrial
