world: InfinityTrials
x: 1601.3300953621763
y: 4.0
z: -600.5206746620163
yaw: 180.84839
pitch: -2.4000037
name: spacestonetrial
