world: SpleefLobby
x: 2.4937468451571227
y: 4.0
z: 5.582697120616688
yaw: -1.9500124
pitch: -5.099931
name: spleeflobby
