world: Spleef
x: 1.541361560255768
y: 1.0
z: 1.6205508379826021
yaw: 315.14844
pitch: -2.850101
name: spleefyellow
