world: arcade
x: -111.48221371967793
y: 71.0
z: -40.62628548038806
yaw: 178.20044
pitch: 7.05003
name: SpleefLobbyexit
