world: SpleefLobby
x: 2.4960647230036557
y: 4.0
z: 5.372067113874308
yaw: -0.5999994
pitch: -4.4999976
name: spleeflobby
