world: Spleef
x: 1.3380857259291876
y: 1.0
z: 62.52715882250347
yaw: 223.94836
pitch: 2.5500026
name: spleefred
