world: Spleef
x: 65.53125918754246
y: 1.0
z: 62.63716226676743
yaw: 136.34888
pitch: 1.2000179
name: spleefblue
