world: Spleef
x: 35.452646838677246
y: 20.0
z: 42.54816433117214
yaw: 180.29884
pitch: -2.0999992
name: spleefspectator
