world: Spleef
x: 65.48264361340334
y: 1.0
z: 1.5943906944633461
yaw: 43.948364
pitch: 0.29998848
name: spleefgreen
