world: greenfield
x: 502.5628368740796
y: 69.0
z: 269.50726890644364
yaw: 90.77586
pitch: -13.045862
name: stadium
