world: arcade
x: -49.501840444863774
y: 71.0
z: 17.876333881447124
yaw: 270.6003
pitch: -5.099962
name: starlabsexit
