world: tutorial
x: -132.30903522949666
y: 109.0
z: -7.593692136132135
yaw: 88.13211
pitch: 1.9499869
name: startquiz
