world: InfinityTrials
x: 1850.5246090836054
y: 4.0
z: -728.3902604476372
yaw: 359.78125
pitch: -3.899994
name: timestonetrial
