world: arcade
x: 25.5
y: 102.0
z: -6.5
yaw: 268.80148
pitch: 1.4999375
name: titanstowerexit
