world: tutorial
x: 248.29322861573672
y: 108.0
z: -7.80163805337793
yaw: -271.71957
pitch: 0.6000028
name: tutorialexit
