world: tutorial
x: 292.4196297778371
y: 109.0
z: -8.510407845834687
yaw: -273.5191
pitch: 1.1259317E-5
name: tutorial
