world: arenapvp
x: 996.5923516105303
y: 7.0
z: -1226.4973505752173
yaw: 359.7027
pitch: 1.9499992
name: vanillapvpteamchoose
