world: arenapvp
x: 996.5028121917901
y: 4.0
z: -1122.352791599409
yaw: 180.45245
pitch: -2.5500011
name: vanillapvpred
