world: arenapvp
x: 958.4592373192534
y: 4.0
z: -1160.4017927614602
yaw: 269.10233
pitch: -2.4000053
name: vanillapvpgreen
