world: arenapvp
x: 1034.583236415618
y: 4.0
z: -1160.5823128562267
yaw: 88.65253
pitch: -3.6000082
name: vanillapvpyellow
