world: arenapvp
x: 968.6347450481795
y: 13.0
z: -1132.6032079561353
yaw: 225.45264
pitch: 16.649977
name: vanillapvpspec
