world: arenapvp
x: 996.4607866991485
y: 4.0
z: -1198.4983413907162
yaw: 0.9025574
pitch: -0.89998835
name: vanillapvpblue
