world: arcade
x: -50.00698773956829
y: 71.0
z: 17.979332216757143
yaw: 270.30103
pitch: -3.3000424
name: vrexit
