world: arcade
x: 25.487590468086925
y: 102.0
z: -6.457807746890183
yaw: 270.45154
pitch: 3.1499362
name: vrexit
