world: greenfield
x: 110.50330556544644
y: 69.0
z: 252.53508081542287
yaw: -359.65076
pitch: 0.9415438
name: walmart
