world: greenfield
x: 110.35855135457737
y: 69.0
z: 234.40494795191603
yaw: -0.12786865
pitch: -0.7872967
name: walmart
