world: arcade
x: -49.71867200779969
y: 71.0
z: 18.036335734763547
yaw: 271.35052
pitch: 6.1500063
name: waynemanorexit
