spawns: 
  default: 
    world: arcade
    x: 23.535481711159598
    y: 102.0
    z: 3.4690983953142616
    yaw: 1.5012207
    pitch: 6.2999673
  newbies: 
    world: arcade
    x: 23.535481711159598
    y: 102.0
    z: 3.4690983953142616
    yaw: 1.5012207
    pitch: 6.2999673
