spawns: 
  default: 
    world: arcade
    x: -109.01381404524113
    y: 68.0
    z: 17.961749234571176
    yaw: 269.10126
    pitch: -10.350035
  newbies: 
    world: arcade
    x: -109.01381404524113
    y: 68.0
    z: 17.961749234571176
    yaw: 269.10126
    pitch: -10.350035
  noobies: 
    world: tutorial
    x: 292.5640401157731
    y: 109.0
    z: -8.644143204246301
    yaw: -276.52026
    pitch: -5.250019
