spawns: 
  default: 
    world: arcade
    x: -109.01381404524113
    y: 68.0
    z: 17.961749234571176
    yaw: 269.10126
    pitch: -10.350035
  newbies: 
    world: arcade
    x: -109.01381404524113
    y: 68.0
    z: 17.961749234571176
    yaw: 269.10126
    pitch: -10.350035
